create_time,destination_id,end_epoch,exit_code,galaxy_slots,handler,history_id,id,imported,infile,infile_filetype,info,job_runner_external_id,job_runner_name,library_folder_id,memtotal,object_store_id,param_filename,parameters.chromInfo,parameters.dbkey,parameters.infile.values,parameters.operation,parameters.s,parameters.w,parameters.window_analysis,processor_count,runner_name,session_id,start_epoch,state,swaptotal,tool_id,tool_version,traceback,update_time,user_id,runtime
2016-09-14 00:59:38.306725,slurm_normal,1473814886.0,0,1.0,main_w3_handler1,2819267,13846200,False,428916736,gemini.sqlite,,8069118.roundup,slurm,,132112168.0,corral-repl,,"""/galaxy-repl/localdata/chrom/hg19.len""","""hg19""","[{'src': 'hda', 'id': 'bbd44e69cb8906b5100c84dcafd45e0d'}]","""mean""","""1000""","""10000""","""nucl_div""",32.0,,32950230,1473814794.0,ok,1023996.0,toolshed.g2.bx.psu.edu/repos/iuc/gemini_windower/gemini_windower/0.18.1.0,0.18.1.0,,2016-09-14 01:01:29.623597,42102,92.0
