alignment,alignment_filetype,create_time,destination_id,exit_code,handler,history_id,id,imported,info,job_runner_external_id,job_runner_name,library_folder_id,object_store_id,param_filename,parameters.__workflow_invocation_uuid__,parameters.alignment.values,parameters.alignment|__identifier__,parameters.chromInfo,parameters.dbkey,parameters.extended_parameters.contribute_to_multiple_features,parameters.extended_parameters.count_split_alignments_only,parameters.extended_parameters.gff_feature_attribute,parameters.extended_parameters.gff_feature_type,parameters.extended_parameters.ignore_dup,parameters.extended_parameters.largest_overlap,parameters.extended_parameters.mapping_quality,parameters.extended_parameters.min_overlap,parameters.extended_parameters.multimapping_enabled.__current_case__,parameters.extended_parameters.multimapping_enabled.multimapping_counts,parameters.extended_parameters.primary,parameters.extended_parameters.read_extension_3p,parameters.extended_parameters.read_extension_5p,parameters.extended_parameters.read_reduction,parameters.extended_parameters.strand_specificity,parameters.extended_parameters.summarization_level,parameters.format,parameters.gtf_source.__current_case__,parameters.gtf_source.ref_source,parameters.gtf_source.reference_gene_sets.values,parameters.include_feature_length_file,parameters.pe_parameters.exclude_chimerics,parameters.pe_parameters.fragment_counting_enabled.__current_case__,parameters.pe_parameters.fragment_counting_enabled.check_distance_enabled.__current_case__,parameters.pe_parameters.fragment_counting_enabled.check_distance_enabled.check_distance,parameters.pe_parameters.fragment_counting_enabled.check_distance_enabled.maximum_fragment_length,parameters.pe_parameters.fragment_counting_enabled.check_distance_enabled.minimum_fragment_length,parameters.pe_parameters.fragment_counting_enabled.fragment_counting,parameters.pe_parameters.only_both_ends,parameters.pe_parameters.orientation,reference_gene_sets,reference_gene_sets_filetype,runner_name,session_id,state,tool_id,tool_version,traceback,update_time,user_id,runtime
2501064064,bam,2017-03-03 05:07:12.623746,slurm_normal,,main_w4_handler1,3017523,15196322,False,"This job was terminated because it ran longer than the maximum allowed job run time.
Please click the bug icon to report this problem if you need help.",9347151.roundup,slurm,,corral-repl,,"""3fa20b88ffcf11e69d9e005056a51846""","[{'src': 'hda', 'id': 28598669}]",,"""/galaxy-repl/localdata/chrom/hg19.len""","""hg19""",false,false,gene_id,exon,false,false,12,1,1,,false,0,0,,0,false,"""tabdel_short""",1,history,"[{'src': 'hda', 'id': 28591957}]","""false""",true,0,1,false,,, -p,true,fr,1255571849,gtf,,,error,toolshed.g2.bx.psu.edu/repos/iuc/featurecounts/featurecounts/1.4.6.p5,1.4.6.p5,,2017-03-04 18:49:38.191241,52190,135745.567495
2501062677,bam,2017-03-08 17:35:17.321814,slurm_normal,,main_w4_handler1,3020797,15244868,False,"This job was terminated because it ran longer than the maximum allowed job run time.
Please click the bug icon to report this problem if you need help.",9392240.roundup,slurm,,corral-repl,,,"[{'src': 'hda', 'id': 28641840}]",,"""/galaxy-repl/localdata/chrom/hg19.len""","""hg19""",false,false,gene_id,exon,false,false,12,1,1,,false,0,0,,0,false,"""tabdel_short""",1,history,"[{'src': 'hda', 'id': 28660003}]","""false""",true,0,0,true,600,50, -p,true,fr,1255571849,gtf,,36393936.0,error,toolshed.g2.bx.psu.edu/repos/iuc/featurecounts/featurecounts/1.4.6.p5,1.4.6.p5,,2017-03-10 08:59:04.807696,52190,141827.485882
2501064064,bam,2017-03-03 17:41:01.171449,slurm_normal,,main_w3_handler0,3017523,15202204,False,"This job was terminated because it ran longer than the maximum allowed job run time.
Please click the bug icon to report this problem if you need help.",9352456.roundup,slurm,,corral-repl,,,"[{'src': 'hda', 'id': 28598669}]",,"""/galaxy-repl/localdata/chrom/hg19.len""","""hg19""",false,false,gene_id,exon,false,false,12,1,1,,false,0,0,,0,false,"""tabdel_short""",1,history,"[{'src': 'hda', 'id': 28607829}]","""false""",true,0,1,false,,, -p,true,fr,1255571849,gtf,,36393936.0,error,toolshed.g2.bx.psu.edu/repos/iuc/featurecounts/featurecounts/1.4.6.p5,1.4.6.p5,,2017-03-05 05:41:09.761592,52190,129608.59014300001
2501062677,bam,2017-03-07 18:20:54.392225,slurm_normal,,main_w3_handler0,3020797,15233836,False,"This job was terminated because it ran longer than the maximum allowed job run time.
Please click the bug icon to report this problem if you need help.",9382052.roundup,slurm,,corral-repl,,,"[{'src': 'hda', 'id': 28641840}]",,"""/galaxy-repl/localdata/chrom/hg19.len""","""hg19""",false,false,gene_id,exon,false,false,12,1,1,,false,0,0,,0,false,"""tabdel_short""",1,history,"[{'src': 'hda', 'id': 28660003}]","""false""",true,0,1,false,,, -p,true,fr,1255571849,gtf,,36393936.0,error,toolshed.g2.bx.psu.edu/repos/iuc/featurecounts/featurecounts/1.4.6.p5,1.4.6.p5,,2017-03-09 06:21:24.562708,52190,129630.17048300001
1688380590,bam,2017-03-15 19:07:27.510977,slurm_normal,,main_w4_handler0,3032997,15305978,False,"This job was terminated because it ran longer than the maximum allowed job run time.
Please click the bug icon to report this problem if you need help.",9448692.roundup,slurm,,corral-repl,,"""9e9302a409b211e78d26005056a52a46""","[{'src': 'hda', 'id': 28772719}]",,"""/galaxy-repl/localdata/chrom/hg38.len""","""hg38""",false,false,gene_id,exon,false,false,12,1,1,,false,0,0,,0,false,"""tabdel_short""",1,history,"[{'src': 'hda', 'id': 28591957}]","""false""",true,0,1,false,,, -p,true,fr,1255571849,gtf,,,error,toolshed.g2.bx.psu.edu/repos/iuc/featurecounts/featurecounts/1.4.6.p5,1.4.6.p5,,2017-03-17 08:15:38.790682,52190,133691.27970500002
2624997671,bam,2017-04-11 16:21:41.235562,slurm_normal,,main_w3_handler1,3028373,15556940,False,"This job was terminated because it ran longer than the maximum allowed job run time.
Please click the bug icon to report this problem if you need help.",9680442.roundup,slurm,,corral-repl,,,"[{'src': 'hda', 'id': 28730618}]",,"""/galaxy-repl/localdata/chrom/mm10.len""","""mm10""",false,false,gene_id,exon,false,false,12,1,1,,true,0,0,,0,false,"""tabdel_full""",1,history,"[{'src': 'hda', 'id': 28730596}]","""false""",true,0,1,false,,, -p,true,fr,770699280,gff3,,37273625.0,error,toolshed.g2.bx.psu.edu/repos/iuc/featurecounts/featurecounts/1.4.6.p5,1.4.6.p5,,2017-04-13 04:23:49.023935,29461,129727.788373
2711656042,bam,2017-04-11 16:21:40.547984,slurm_normal,,main_w3_handler1,3028373,15556939,False,"This job was terminated because it ran longer than the maximum allowed job run time.
Please click the bug icon to report this problem if you need help.",9680418.roundup,slurm,,corral-repl,,,"[{'src': 'hda', 'id': 28730613}]",,"""/galaxy-repl/localdata/chrom/mm10.len""","""mm10""",false,false,gene_id,exon,false,false,12,1,1,,true,0,0,,0,false,"""tabdel_full""",1,history,"[{'src': 'hda', 'id': 28730596}]","""false""",true,0,1,false,,, -p,true,fr,770699280,gff3,,37273625.0,error,toolshed.g2.bx.psu.edu/repos/iuc/featurecounts/featurecounts/1.4.6.p5,1.4.6.p5,,2017-04-13 04:22:50.394924,29461,129669.84694
457489168,bam,2017-06-19 03:36:47.205617,slurm_normal,,main_w3_handler0,3161686,16128517,False,"This job was terminated because it ran longer than the maximum allowed job run time.
Please click the bug icon to report this problem if you need help.",10209007.roundup,slurm,,corral-repl,,,"[{'src': 'hda', 'id': 30072405}]","""G1E_R2ds_SRR549356""","""/galaxy-repl/localdata/chrom/mm10.len""","""mm10""",false,false,transcript_id,exon,false,false,12,1,1,,false,0,0,,2,false,"""tabdel_short""",1,history,"[{'src': 'hda', 'id': 30073857}]","""false""",true,0,1,false,,, -p,false,rf,41130696,gtf,,37498194.0,error,toolshed.g2.bx.psu.edu/repos/iuc/featurecounts/featurecounts/1.4.6.p5,1.4.6.p5,,2017-06-20 15:37:28.180408,104536,129640.97479100002
457489168,bam,2017-06-20 03:47:46.851350,slurm_normal,,main_w4_handler0,3161686,16139018,False,"This job was terminated because it ran longer than the maximum allowed job run time.
Please click the bug icon to report this problem if you need help.",10218772.roundup,slurm,,corral-repl,,,"[{'src': 'hda', 'id': 30072405}]",,"""/galaxy-repl/localdata/chrom/mm10.len""","""mm10""",false,false,transcript_id,exon,false,false,12,1,1,,false,0,0,,2,false,"""tabdel_short""",1,history,"[{'src': 'hda', 'id': 30073857}]","""false""",true,0,1,false,,, -p,false,rf,41130696,gtf,,38795085.0,error,toolshed.g2.bx.psu.edu/repos/iuc/featurecounts/featurecounts/1.4.6.p5,1.4.6.p5,,2017-06-21 15:48:33.796220,104536,129646.94487
457488887,bam,2017-07-21 18:41:49.243140,slurm_normal,,main_w3_handler1,3193361,16390589,False,"This job was terminated because it ran longer than the maximum allowed job run time.
Please click the bug icon to report this problem if you need help.",10454643.roundup,slurm,,corral-repl,,,"[{'src': 'hda', 'id': 30509691}]","""G1E_R2_ds_SRR549356""","""/galaxy-repl/localdata/chrom/mm10.len""","""mm10""",false,false,transcript_id,exon,false,false,12,1,1,,false,0,0,,2,false,"""tabdel_short""",1,history,"[{'src': 'hda', 'id': 30550979}]","""false""",true,0,1,false,,, -p,false,rf,41130696,gtf,,38168895.0,error,toolshed.g2.bx.psu.edu/repos/iuc/featurecounts/featurecounts/1.4.6.p5,1.4.6.p5,,2017-07-23 06:42:24.996694,106491,129635.75355400001
457488887,bam,2017-07-23 07:14:11.385940,slurm_normal,,main_w4_handler0,3193361,16398168,False,"This job was terminated because it ran longer than the maximum allowed job run time.
Please click the bug icon to report this problem if you need help.",10462348.roundup,slurm,,corral-repl,,,"[{'src': 'hda', 'id': 30509691}]",,"""/galaxy-repl/localdata/chrom/mm10.len""","""mm10""",false,false,transcript_id,exon,false,false,12,1,1,,false,0,0,,2,false,"""tabdel_short""",1,history,"[{'src': 'hda', 'id': 30550979}]","""false""",true,0,1,false,,, -p,false,rf,41130696,gtf,,38168895.0,error,toolshed.g2.bx.psu.edu/repos/iuc/featurecounts/featurecounts/1.4.6.p5,1.4.6.p5,,2017-07-24 19:14:53.067235,106491,129641.681295
4040246915,bam,2017-07-31 14:49:59.237905,slurm_normal,,main_w4_handler0,3205312,16469168,False,"This job was terminated because it ran longer than the maximum allowed job run time.
Please click the bug icon to report this problem if you need help.",10537365.roundup,slurm,,corral-repl,,,"[{'src': 'hda', 'id': 30674847}]",,"""/galaxy-repl/localdata/chrom/hg38.len""","""hg38""",false,false,gene_id,exon,false,false,12,1,1,,false,0,0,,0,false,"""tabdel_short""",1,history,"[{'src': 'hda', 'id': 30671278}]","""false""",true,0,1,false,,, -p,false,fr,146407450,gtf,,39568120.0,error,toolshed.g2.bx.psu.edu/repos/iuc/featurecounts/featurecounts/1.4.6.p5,1.4.6.p5,,2017-08-02 02:50:30.900474,40000,129631.66256900001
457489323,bam,2017-07-31 13:27:52.255479,slurm_normal,,main_w3_handler0,3205394,16467786,False,"This job was terminated because it ran longer than the maximum allowed job run time.
Please click the bug icon to report this problem if you need help.",10535572.roundup,slurm,,corral-repl,,,"[{'src': 'hda', 'id': 30693477}]","""G1E_R2__ds_SRR549356""","""/galaxy-repl/localdata/chrom/mm10.len""","""mm10""",false,false,transcript_id,exon,false,false,12,1,1,,false,0,0,,2,false,"""tabdel_short""",1,history,"[{'src': 'hda', 'id': 30694542}]","""false""",true,0,1,false,,, -p,false,rf,41130696,gtf,,39611698.0,error,toolshed.g2.bx.psu.edu/repos/iuc/featurecounts/featurecounts/1.4.6.p5,1.4.6.p5,,2017-08-02 01:28:28.305963,109320,129636.050484
7318265499,bam,2017-08-13 15:16:24.779698,slurm_normal,,main_w4_handler1,3218701,16569529,False,"This job was terminated because it ran longer than the maximum allowed job run time.
Please click the bug icon to report this problem if you need help.",10640733.roundup,slurm,,corral-repl,,,"[{'src': 'hda', 'id': 30856391}]",,"""/galaxy-repl/localdata/chrom/hg38.len""","""hg38""",false,false,gene_id,exon,false,false,12,1,1,,false,0,0,,1,false,"""tabdel_short""",1,history,"[{'src': 'hda', 'id': 30844295}]","""false""",true,0,1,false,,, -p,false,fr,1162051912,gff3,,38330834.0,error,toolshed.g2.bx.psu.edu/repos/iuc/featurecounts/featurecounts/1.4.6.p5,1.4.6.p5,,2017-08-15 04:50:57.504422,100624,135272.724724
457488887,bam,2017-08-14 22:29:55.589873,slurm_normal,,main_w3_handler0,3193361,16581106,False,"This job was terminated because it ran longer than the maximum allowed job run time.
Please click the bug icon to report this problem if you need help.",10652427.roundup,slurm,,corral-repl,,,"[{'src': 'hda', 'id': 30509691}]","""G1E_R2_ds_SRR549356""","""/galaxy-repl/localdata/chrom/mm10.len""","""mm10""",false,false,transcript_id,exon,false,false,12,1,1,,false,0,0,,2,false,"""tabdel_short""",1,history,"[{'src': 'hda', 'id': 30874020}]","""false""",true,0,1,false,,, -p,false,rf,41130696,gtf,,38168895.0,error,toolshed.g2.bx.psu.edu/repos/iuc/featurecounts/featurecounts/1.4.6.p5,1.4.6.p5,,2017-08-16 10:30:19.734972,106491,129624.145099
12999329,bam,2017-08-20 20:58:23.922708,slurm_normal,,main_w3_handler0,3224209,16618015,False,"This job was terminated because it ran longer than the maximum allowed job run time.
Please click the bug icon to report this problem if you need help.",10689739.roundup,slurm,,corral-repl,,,"[{'src': 'hda', 'id': 30928567}]","""HISAT2 A1 aligned filtered""","""/galaxy-repl/localdata/chrom/mm10.len""","""mm10""",false,false,transcript_id,exon,false,false,12,1,1,,false,0,0,,0,false,"""tabdel_short""",1,history,"[{'src': 'hda', 'id': 30928815}]","""false""",true,0,1,false,,, -p,false,rf,166472026,gtf,,39974982.0,error,toolshed.g2.bx.psu.edu/repos/iuc/featurecounts/featurecounts/1.4.6.p5,1.4.6.p5,,2017-08-22 08:58:55.270799,110234,129631.348091
12999329,bam,2017-08-20 20:16:29.934940,slurm_normal,,main_w3_handler0,3224209,16617897,False,"This job was terminated because it ran longer than the maximum allowed job run time.
Please click the bug icon to report this problem if you need help.",10689620.roundup,slurm,,corral-repl,,,"[{'src': 'hda', 'id': 30928567}]","""HISAT2 A1 aligned filtered""","""/galaxy-repl/localdata/chrom/mm10.len""","""mm10""",false,false,transcript_id,exon,false,false,12,1,1,,false,0,0,,0,false,"""tabdel_short""",1,history,"[{'src': 'hda', 'id': 30928815}]","""false""",true,0,1,false,,, -p,false,rf,166472026,gtf,,39974982.0,error,toolshed.g2.bx.psu.edu/repos/iuc/featurecounts/featurecounts/1.4.6.p5,1.4.6.p5,,2017-08-22 08:17:02.068795,110234,129632.13385500001
12999329,bam,2017-08-21 02:39:16.550522,slurm_normal,,main_w3_handler1,3224209,16619533,False,"This job was terminated because it ran longer than the maximum allowed job run time.
Please click the bug icon to report this problem if you need help.",10691238.roundup,slurm,,corral-repl,,,"[{'src': 'hda', 'id': 30928567}]",,"""/galaxy-repl/localdata/chrom/mm10.len""","""mm10""",false,false,transcript_id,exon,false,false,12,1,1,,false,0,0,,0,false,"""tabdel_short""",1,history,"[{'src': 'hda', 'id': 30928815}]","""false""",true,0,1,false,,, -p,false,rf,166472026,gtf,,39978311.0,error,toolshed.g2.bx.psu.edu/repos/iuc/featurecounts/featurecounts/1.4.6.p5,1.4.6.p5,,2017-08-22 14:39:31.981221,110234,129615.430699
3732683227,bam,2017-10-04 08:05:01.609176,slurm_normal,,main_w4_handler1,3204176,17020823,False,"This job was terminated because it ran longer than the maximum allowed job run time.
Please click the bug icon to report this problem if you need help.",11076299.roundup,slurm,,corral-repl,,,"[{'src': 'hda', 'id': 31541279}]",,"""/cvmfs/data.galaxyproject.org/managed/len/ucsc/hg38.len""","""hg38""",false,false,gene_id,exon,false,false,12,1,1,,false,0,0,,0,false,"""tabdel_short""",1,history,"[{'src': 'hda', 'id': 31539936}]","""false""",true,0,1,false,,, -p,false,fr,150837311,gtf,,41017889.0,error,toolshed.g2.bx.psu.edu/repos/iuc/featurecounts/featurecounts/1.4.6.p5,1.4.6.p5,,2017-10-05 20:05:45.210609,19937,129643.601433
457489197,bam,2017-09-09 21:48:43.452327,slurm_normal,,main_w3_handler0,3247780,16780008,False,"This job was terminated because it ran longer than the maximum allowed job run time.
Please click the bug icon to report this problem if you need help.",10848272.roundup,slurm,,corral-repl,,,"[{'src': 'hda', 'id': 31172232}]","""G1E_R2ds_SRR549356""","""/cvmfs/data.galaxyproject.org/managed/len/ucsc/mm10.len""","""mm10""",false,false,transcript_id,exon,false,false,12,1,1,,false,0,0,,2,false,"""tabdel_short""",1,history,"[{'src': 'hda', 'id': 31172366}]","""false""",true,0,1,false,,, -p,false,rf,41130696,gtf,,40363065.0,error,toolshed.g2.bx.psu.edu/repos/iuc/featurecounts/featurecounts/1.4.6.p5,1.4.6.p5,,2017-09-11 09:49:13.307066,86492,129629.854739
457488992,bam,2017-09-09 12:28:28.102558,slurm_normal,,main_w4_handler1,3247571,16778558,False,"This job was terminated because it ran longer than the maximum allowed job run time.
Please click the bug icon to report this problem if you need help.",10846803.roundup,slurm,,corral-repl,,,"[{'src': 'hda', 'id': 31169373}]","""G1E_R2_ds_SRR549356""","""/cvmfs/data.galaxyproject.org/managed/len/ucsc/mm10.len""","""mm10""",false,false,transcript_id,exon,false,false,12,1,1,,false,0,0,,2,false,"""tabdel_short""",1,history,"[{'src': 'hda', 'id': 31169535}]","""false""",true,0,1,false,,, -p,false,rf,41130696,gtf,,40369000.0,error,toolshed.g2.bx.psu.edu/repos/iuc/featurecounts/featurecounts/1.4.6.p5,1.4.6.p5,,2017-09-11 00:29:03.215264,651,129635.11270600001
457489197,bam,2017-09-09 23:16:30.373911,slurm_normal,,main_w4_handler0,3247780,16780181,False,"This job was terminated because it ran longer than the maximum allowed job run time.
Please click the bug icon to report this problem if you need help.",10848483.roundup,slurm,,corral-repl,,,"[{'src': 'hda', 'id': 31172232}]","""G1E_R2ds_SRR549356""","""/cvmfs/data.galaxyproject.org/managed/len/ucsc/mm10.len""","""mm10""",false,false,transcript_id,exon,false,false,12,1,1,,false,0,0,,2,false,"""tabdel_short""",1,history,"[{'src': 'hda', 'id': 31172366}]","""false""",true,0,1,false,,, -p,false,rf,41130696,gtf,,40363065.0,error,toolshed.g2.bx.psu.edu/repos/iuc/featurecounts/featurecounts/1.4.6.p5,1.4.6.p5,,2017-09-11 11:17:14.168206,86492,129643.79429500001
457489197,bam,2017-09-09 21:26:55.646176,slurm_normal,,main_w4_handler0,3247780,16779952,False,"This job was terminated because it ran longer than the maximum allowed job run time.
Please click the bug icon to report this problem if you need help.",10848217.roundup,slurm,,corral-repl,,,"[{'src': 'hda', 'id': 31172232}]","""G1E_R2ds_SRR549356""","""/cvmfs/data.galaxyproject.org/managed/len/ucsc/mm10.len""","""mm10""",false,false,transcript_id,exon,false,false,12,1,1,,false,0,0,,2,false,"""tabdel_short""",1,history,"[{'src': 'hda', 'id': 31172366}]","""false""",true,0,1,false,,, -p,false,rf,41130696,gtf,,40363065.0,error,toolshed.g2.bx.psu.edu/repos/iuc/featurecounts/featurecounts/1.4.6.p5,1.4.6.p5,,2017-09-11 09:27:43.593728,86492,129647.94755200001
457488992,bam,2017-09-09 12:57:52.083490,slurm_normal,,main_w4_handler1,3247571,16778607,False,"This job was terminated because it ran longer than the maximum allowed job run time.
Please click the bug icon to report this problem if you need help.",10846859.roundup,slurm,,corral-repl,,,"[{'src': 'hda', 'id': 31169373}]","""G1E_R2_ds_SRR549356""","""/cvmfs/data.galaxyproject.org/managed/len/ucsc/mm10.len""","""mm10""",false,false,transcript_id,exon,false,false,12,1,1,,false,0,0,,2,false,"""tabdel_short""",1,history,"[{'src': 'hda', 'id': 31169535}]","""false""",true,0,1,false,,, -p,false,rf,41130696,gtf,,40369000.0,error,toolshed.g2.bx.psu.edu/repos/iuc/featurecounts/featurecounts/1.4.6.p5,1.4.6.p5,,2017-09-11 00:58:33.572231,651,129641.48874100001
736235885,bam,2017-09-09 12:26:54.226489,slurm_normal,,main_w4_handler0,3247571,16778555,False,"This job was terminated because it ran longer than the maximum allowed job run time.
Please click the bug icon to report this problem if you need help.",10846800.roundup,slurm,,corral-repl,,,"[{'src': 'hda', 'id': 31169313}]","""G1E_R2_ds_SRR549356""","""/cvmfs/data.galaxyproject.org/managed/len/ucsc/mm10.len""","""mm10""",false,false,transcript_id,exon,false,false,12,1,1,,false,0,0,,2,false,"""tabdel_short""",1,history,"[{'src': 'hda', 'id': 31169535}]","""false""",true,0,1,false,,, -p,false,rf,41130696,gtf,,40369000.0,error,toolshed.g2.bx.psu.edu/repos/iuc/featurecounts/featurecounts/1.4.6.p5,1.4.6.p5,,2017-09-11 00:27:31.738731,651,129637.51224200001
457488992,bam,2017-09-09 15:41:28.008820,slurm_normal,,main_w4_handler0,3247571,16779025,False,"This job was terminated because it ran longer than the maximum allowed job run time.
Please click the bug icon to report this problem if you need help.",10847258.roundup,slurm,,corral-repl,,,"[{'src': 'hda', 'id': 31169373}]","""G1E_R2_ds_SRR549356""","""/cvmfs/data.galaxyproject.org/managed/len/ucsc/mm10.len""","""mm10""",false,false,transcript_id,exon,false,false,12,1,1,,false,0,0,,2,false,"""tabdel_short""",1,history,"[{'src': 'hda', 'id': 31169535}]","""false""",true,0,1,false,,, -p,false,rf,41130696,gtf,,40369000.0,error,toolshed.g2.bx.psu.edu/repos/iuc/featurecounts/featurecounts/1.4.6.p5,1.4.6.p5,,2017-09-11 03:42:06.406637,651,129638.397817
457488992,bam,2017-09-11 05:39:53.276917,slurm_normal,,main_w4_handler0,3247571,16784491,False,"This job was terminated because it ran longer than the maximum allowed job run time.
Please click the bug icon to report this problem if you need help.",10852930.roundup,slurm,,corral-repl,,,"[{'src': 'hda', 'id': 31169373}]","""G1E_R2_ds_SRR549356""","""/cvmfs/data.galaxyproject.org/managed/len/ucsc/mm10.len""","""mm10""",false,false,transcript_id,exon,false,false,12,1,1,,false,0,0,,2,false,"""tabdel_short""",1,history,"[{'src': 'hda', 'id': 31169535}]","""false""",true,0,1,false,,, -p,false,rf,41130696,gtf,,40369000.0,error,toolshed.g2.bx.psu.edu/repos/iuc/featurecounts/featurecounts/1.4.6.p5,1.4.6.p5,,2017-09-12 17:40:27.067618,651,129633.790701
457488992,bam,2017-09-10 13:23:56.078324,slurm_normal,,main_w4_handler0,3247571,16781929,False,"This job was terminated because it ran longer than the maximum allowed job run time.
Please click the bug icon to report this problem if you need help.",10851995.roundup,slurm,,corral-repl,,,"[{'src': 'hda', 'id': 31169373}]","""G1E_R2_ds_SRR549356""","""/cvmfs/data.galaxyproject.org/managed/len/ucsc/mm10.len""","""mm10""",false,false,transcript_id,exon,false,false,12,1,1,,false,0,0,,2,false,"""tabdel_short""",1,history,"[{'src': 'hda', 'id': 31169535}]","""false""",true,0,1,false,,, -p,false,rf,41130696,gtf,,40369000.0,error,toolshed.g2.bx.psu.edu/repos/iuc/featurecounts/featurecounts/1.4.6.p5,1.4.6.p5,,2017-09-12 12:29:25.646545,651,169529.56822100002
3732683227,bam,2017-10-04 05:45:11.883844,slurm_normal,,main_w3_handler1,3204176,17020294,False,"This job was terminated because it ran longer than the maximum allowed job run time.
Please click the bug icon to report this problem if you need help.",11075608.roundup,slurm,,corral-repl,,,"[{'src': 'hda', 'id': 31541279}]",,"""/cvmfs/data.galaxyproject.org/managed/len/ucsc/hg38.len""","""hg38""",false,false,gene_id,exon,false,false,12,1,1,,false,0,0,,0,false,"""tabdel_short""",1,history,"[{'src': 'hda', 'id': 31539936}]","""false""",true,0,1,false,,, -p,false,fr,150837311,gtf,,41017889.0,error,toolshed.g2.bx.psu.edu/repos/iuc/featurecounts/featurecounts/1.4.6.p5,1.4.6.p5,,2017-10-05 17:45:43.623133,19937,129631.739289
736234987,bam,2017-10-20 10:15:07.764219,slurm_normal,,main_w4_handler0,3293413,17153065,False,"This job was terminated because it ran longer than the maximum allowed job run time.
Please click the bug icon to report this problem if you need help.",11211336,slurm,,corral-repl,,,"[{'src': 'hda', 'id': 31770432}]","""1E_R2__ds_SRR549356""","""/cvmfs/data.galaxyproject.org/managed/len/ucsc/mm10.len""","""mm10""",false,false,transcript_id,exon,false,false,12,1,1,,false,0,0,,2,false,"""tabdel_short""",1,history,"[{'src': 'hda', 'id': 31772685}]","""false""",true,0,1,false,,, -p,false,rf,41130696,gtf,,41409345.0,error,toolshed.g2.bx.psu.edu/repos/iuc/featurecounts/featurecounts/1.4.6.p5,1.4.6.p5,,2017-10-21 22:15:48.180918,60456,129640.41669900001
457489010,bam,2018-01-04 12:04:40.289430,slurm_normal,,main_w3_handler0,3381762,17943450,False,"This job was terminated because it ran longer than the maximum allowed job run time.
Please click the bug icon to report this problem if you need help.",12019574,slurm,,corral-repl,,,"[{'src': 'hda', 'id': 33169889}]","""G1E_R2_ds_SRR549356""","""/cvmfs/data.galaxyproject.org/managed/len/ucsc/mm10.len""","""mm10""",false,false,transcript_id,exon,false,false,12,1,1,,false,0,0,,2,false,"""tabdel_short""",1,history,"[{'src': 'hda', 'id': 33170146}]","""false""",true,0,1,false,,, -p,false,rf,41130696,gtf,,42963767.0,error,toolshed.g2.bx.psu.edu/repos/iuc/featurecounts/featurecounts/1.4.6.p5,1.4.6.p5,,2018-01-06 00:05:17.239750,118132,129636.95032
457489010,bam,2018-01-04 17:26:53.701881,slurm_normal,,main_w3_handler0,3382035,17945874,False,"This job was terminated because it ran longer than the maximum allowed job run time.
Please click the bug icon to report this problem if you need help.",12021967,slurm,,corral-repl,,,"[{'src': 'hda', 'id': 33173812}]","""G1E_R2_ds_SRR549356""","""/cvmfs/data.galaxyproject.org/managed/len/ucsc/mm10.len""","""mm10""",false,false,transcript_id,exon,false,false,12,1,1,,false,0,0,,2,false,"""tabdel_short""",1,history,"[{'src': 'hda', 'id': 33174128}]","""false""",true,0,1,false,,, -p,false,rf,41130696,gtf,,42963767.0,error,toolshed.g2.bx.psu.edu/repos/iuc/featurecounts/featurecounts/1.4.6.p5,1.4.6.p5,,2018-01-06 05:27:17.891065,118132,129624.189184
457489028,bam,2018-01-06 19:12:12.725985,slurm_normal,,main_w4_handler0,3382165,17962852,False,"This job was terminated because it ran longer than the maximum allowed job run time.
Please click the bug icon to report this problem if you need help.",12039544,slurm,,corral-repl,,,"[{'src': 'hda', 'id': 33195653}]","""G1E_R2ds_SRR549356""","""/cvmfs/data.galaxyproject.org/managed/len/ucsc/mm10.len""","""mm10""",false,false,transcript_id,exon,false,false,12,1,1,,false,0,0,,2,false,"""tabdel_short""",1,history,"[{'src': 'hda', 'id': 33195850}]","""false""",true,0,1,false,,, -p,false,rf,41130696,gtf,,43015522.0,error,toolshed.g2.bx.psu.edu/repos/iuc/featurecounts/featurecounts/1.4.6.p5,1.4.6.p5,,2018-01-08 07:12:26.345670,116257,129613.61968500001
457489028,bam,2018-01-06 18:38:51.398504,slurm_normal,,main_w4_handler0,3382165,17962776,False,"This job was terminated because it ran longer than the maximum allowed job run time.
Please click the bug icon to report this problem if you need help.",12039442,slurm,,corral-repl,,,"[{'src': 'hda', 'id': 33195653}]","""G1E_R2ds_SRR549356""","""/cvmfs/data.galaxyproject.org/managed/len/ucsc/mm10.len""","""mm10""",false,false,transcript_id,exon,false,false,12,1,1,,false,0,0,,2,false,"""tabdel_short""",1,history,"[{'src': 'hda', 'id': 33195850}]","""false""",true,0,1,false,,, -p,false,fr,41130696,gtf,,43015522.0,error,toolshed.g2.bx.psu.edu/repos/iuc/featurecounts/featurecounts/1.4.6.p5,1.4.6.p5,,2018-01-08 06:39:26.341474,116257,129634.94297
457488997,bam,2017-11-13 13:35:45.799650,slurm_normal,,main_w4_handler0,3322731,17437552,False,"This job was terminated because it ran longer than the maximum allowed job run time.
Please click the bug icon to report this problem if you need help.",11496190,slurm,,corral-repl,,,"[{'src': 'hda', 'id': 32277894}]","""G1E_R2ds_SRR549356""","""/cvmfs/data.galaxyproject.org/managed/len/ucsc/mm10.len""","""mm10""",false,false,gene_id,exon,false,false,12,1,1,,false,0,0,,0,false,"""tabdel_short""",1,history,"[{'src': 'hda', 'id': 32281429}]","""false""",true,0,1,false,,, -p,false,fr,41085255,gtf,,41886974.0,error,toolshed.g2.bx.psu.edu/repos/iuc/featurecounts/featurecounts/1.4.6.p5,1.4.6.p5,,2017-11-15 01:35:51.490656,115813,129605.69100600001
457488997,bam,2017-11-19 09:26:08.679793,slurm_normal,,main_w4_handler0,3322731,17506372,False,"This job was terminated because it ran longer than the maximum allowed job run time.
Please click the bug icon to report this problem if you need help.",11566888,slurm,,corral-repl,,,"[{'src': 'hda', 'id': 32277894}]","""G1E_R2ds_SRR549356""","""/cvmfs/data.galaxyproject.org/managed/len/ucsc/mm10.len""","""mm10""",false,false,gene_id,exon,false,false,12,1,1,,false,0,0,,0,false,"""tabdel_short""",1,history,"[{'src': 'hda', 'id': 32281429}]","""false""",true,0,1,false,,, -p,false,rf,41085255,gtf,,41886974.0,error,toolshed.g2.bx.psu.edu/repos/iuc/featurecounts/featurecounts/1.4.6.p5,1.4.6.p5,,2017-11-20 21:26:15.076861,115813,129606.397068
406490754,bam,2017-12-04 02:59:44.503423,slurm_normal,,main_w4_handler1,3343421,17685708,False,"This job was terminated because it ran longer than the maximum allowed job run time.
Please click the bug icon to report this problem if you need help.",11750215,slurm,,corral-repl,,,"[{'src': 'hda', 'id': 32602151}]","""Mk_R1ds_SRR549357""","""/cvmfs/data.galaxyproject.org/managed/len/ucsc/mm10.len""","""mm10""",false,false,transcript_id,exon,false,false,12,1,1,,false,0,0,,2,false,"""tabdel_short""",1,history,"[{'src': 'hda', 'id': 32710739}]","""false""",true,0,1,false,,, -p,false,rf,42100545,gtf,,42292766.0,error,toolshed.g2.bx.psu.edu/repos/iuc/featurecounts/featurecounts/1.4.6.p5,1.4.6.p5,,2017-12-05 15:00:22.543881,117385,129638.040458
557726176,bam,2017-12-04 02:55:59.992429,slurm_normal,,main_w3_handler1,3343421,17685693,False,"This job was terminated because it ran longer than the maximum allowed job run time.
Please click the bug icon to report this problem if you need help.",11750200,slurm,,corral-repl,,,"[{'src': 'hda', 'id': 32602131}]","""G1E_R1ds_SRR549355""","""/cvmfs/data.galaxyproject.org/managed/len/ucsc/mm10.len""","""mm10""",false,false,transcript_id,exon,false,false,12,1,1,,false,0,0,,2,false,"""tabdel_short""",1,history,"[{'src': 'hda', 'id': 32710739}]","""false""",true,0,1,false,,, -p,false,rf,42100545,gtf,,42292766.0,error,toolshed.g2.bx.psu.edu/repos/iuc/featurecounts/featurecounts/1.4.6.p5,1.4.6.p5,,2017-12-05 14:56:21.982665,117385,129621.99023600001
683080670,bam,2017-12-04 02:56:00.591406,slurm_normal,,main_w3_handler0,3343421,17685694,False,"This job was terminated because it ran longer than the maximum allowed job run time.
Please click the bug icon to report this problem if you need help.",11750201,slurm,,corral-repl,,,"[{'src': 'hda', 'id': 32602132}]","""G1E_R2ds_SRR549356""","""/cvmfs/data.galaxyproject.org/managed/len/ucsc/mm10.len""","""mm10""",false,false,transcript_id,exon,false,false,12,1,1,,false,0,0,,2,false,"""tabdel_short""",1,history,"[{'src': 'hda', 'id': 32710739}]","""false""",true,0,1,false,,, -p,false,rf,42100545,gtf,,42292766.0,error,toolshed.g2.bx.psu.edu/repos/iuc/featurecounts/featurecounts/1.4.6.p5,1.4.6.p5,,2017-12-05 14:56:22.107405,117385,129621.51599900001
457486785,bam,2017-12-04 03:20:41.066778,slurm_normal,,main_w3_handler1,3340650,17685819,False,"This job was terminated because it ran longer than the maximum allowed job run time.
Please click the bug icon to report this problem if you need help.",11750321,slurm,,corral-repl,,,"[{'src': 'hda', 'id': 32553466}]","""G1E_R2ds_SRR549356""","""/cvmfs/data.galaxyproject.org/managed/len/ucsc/mm10.len""","""mm10""",false,false,transcript_id,exon,false,false,12,1,1,,false,0,0,,2,false,"""tabdel_short""",1,history,"[{'src': 'hda', 'id': 32685815}]","""false""",true,0,1,false,,, -p,false,rf,41130696,gtf,,42269621.0,error,toolshed.g2.bx.psu.edu/repos/iuc/featurecounts/featurecounts/1.4.6.p5,1.4.6.p5,,2017-12-05 15:21:22.466075,117298,129641.39929700001
683080670,bam,2017-12-05 17:53:50.846458,slurm_normal,,main_w3_handler0,3343421,17707276,False,"This job was terminated because it ran longer than the maximum allowed job run time.
Please click the bug icon to report this problem if you need help.",11771888,slurm,,corral-repl,,,"[{'src': 'hda', 'id': 32602132}]","""G1E_R2ds_SRR549356""","""/cvmfs/data.galaxyproject.org/managed/len/ucsc/mm10.len""","""mm10""",false,false,transcript_id,exon,false,false,12,1,1,,false,0,0,,2,false,"""tabdel_short""",1,history,"[{'src': 'hda', 'id': 32710739}]","""false""",true,0,1,false,,, -p,false,rf,42100545,gtf,,42292766.0,error,toolshed.g2.bx.psu.edu/repos/iuc/featurecounts/featurecounts/1.4.6.p5,1.4.6.p5,,2017-12-07 05:54:38.417772,117385,129647.57131400002
22629245,bam,2017-12-05 03:40:32.993815,slurm_normal,,main_w3_handler0,3352644,17698262,False,"This job was terminated because it ran longer than the maximum allowed job run time.
Please click the bug icon to report this problem if you need help.",11762837,slurm,,corral-repl,,,"[{'src': 'hda', 'id': 32726380}]","""Mk_R2__ds_SRR549358""","""/cvmfs/data.galaxyproject.org/managed/len/ucsc/mm10.len""","""mm10""",false,false,transcript_id,exon,false,false,12,1,1,,false,0,0,,2,false,"""tabdel_short""",1,history,"[{'src': 'hda', 'id': 32726961}]","""false""",true,0,1,false,,, -p,false,rf,41277405,gtf,,42318726.0,error,toolshed.g2.bx.psu.edu/repos/iuc/featurecounts/featurecounts/1.4.6.p5,1.4.6.p5,,2017-12-06 15:41:03.606124,117510,129630.612309
457486785,bam,2017-12-05 19:42:24.559308,slurm_normal,,main_w4_handler1,3340650,17708406,False,"This job was terminated because it ran longer than the maximum allowed job run time.
Please click the bug icon to report this problem if you need help.",11773139,slurm,,corral-repl,,,"[{'src': 'hda', 'id': 32553466}]",,"""/cvmfs/data.galaxyproject.org/managed/len/ucsc/mm10.len""","""mm10""",false,false,transcript_id,exon,false,false,12,1,1,,false,0,0,,2,false,"""tabdel_short""",1,history,"[{'src': 'hda', 'id': 32685815}]","""false""",true,0,1,false,,, -p,false,rf,41130696,gtf,,42402477.0,error,toolshed.g2.bx.psu.edu/repos/iuc/featurecounts/featurecounts/1.4.6.p5,1.4.6.p5,,2017-12-07 07:43:08.505778,117298,129643.94647000001
467555700,bam,2017-12-06 12:40:38.372027,slurm_normal,,main_w4_handler0,3354078,17717420,False,"This job was terminated because it ran longer than the maximum allowed job run time.
Please click the bug icon to report this problem if you need help.",11782863,slurm,,corral-repl,,,"[{'src': 'hda', 'id': 32760686}]","""G1E_R1ds_SRR549355""","""/cvmfs/data.galaxyproject.org/managed/len/ucsc/?.len""","""?""",false,false,transcript_id,exon,false,false,12,1,1,,false,0,0,,2,false,"""tabdel_short""",1,history,"[{'src': 'hda', 'id': 32766967}]","""false""",true,0,1,false,,, -p,false,rf,48472132,gtf,,41908116.0,error,toolshed.g2.bx.psu.edu/repos/iuc/featurecounts/featurecounts/1.4.6.p5,1.4.6.p5,,2017-12-08 00:41:17.458305,115905,129639.086278
563714288,bam,2017-12-06 12:40:39.205547,slurm_normal,,main_w4_handler1,3354078,17717421,False,"This job was terminated because it ran longer than the maximum allowed job run time.
Please click the bug icon to report this problem if you need help.",11782862,slurm,,corral-repl,,,"[{'src': 'hda', 'id': 32760687}]","""G1E_R2ds_SRR549356""","""/cvmfs/data.galaxyproject.org/managed/len/ucsc/?.len""","""?""",false,false,transcript_id,exon,false,false,12,1,1,,false,0,0,,2,false,"""tabdel_short""",1,history,"[{'src': 'hda', 'id': 32766967}]","""false""",true,0,1,false,,, -p,false,rf,48472132,gtf,,41908116.0,error,toolshed.g2.bx.psu.edu/repos/iuc/featurecounts/featurecounts/1.4.6.p5,1.4.6.p5,,2017-12-08 00:41:18.277945,115905,129639.072398
563714288,bam,2017-12-06 12:35:04.271803,slurm_normal,,main_w4_handler0,3354078,17717363,False,"This job was terminated because it ran longer than the maximum allowed job run time.
Please click the bug icon to report this problem if you need help.",11782809,slurm,,corral-repl,,,"[{'src': 'hda', 'id': 32760687}]","""G1E_R2ds_SRR549356""","""/cvmfs/data.galaxyproject.org/managed/len/ucsc/?.len""","""?""",false,false,gene_id,exon,false,false,12,1,1,,false,0,0,,0,false,"""tabdel_short""",1,history,"[{'src': 'hda', 'id': 32766967}]","""false""",true,0,1,false,,, -p,false,rf,48472132,gtf,,41908116.0,error,toolshed.g2.bx.psu.edu/repos/iuc/featurecounts/featurecounts/1.4.6.p5,1.4.6.p5,,2017-12-08 00:35:47.671800,115905,129643.39999700001
467555700,bam,2017-12-06 12:35:03.455897,slurm_normal,,main_w3_handler0,3354078,17717362,False,"This job was terminated because it ran longer than the maximum allowed job run time.
Please click the bug icon to report this problem if you need help.",11782807,slurm,,corral-repl,,,"[{'src': 'hda', 'id': 32760686}]","""G1E_R1ds_SRR549355""","""/cvmfs/data.galaxyproject.org/managed/len/ucsc/?.len""","""?""",false,false,gene_id,exon,false,false,12,1,1,,false,0,0,,0,false,"""tabdel_short""",1,history,"[{'src': 'hda', 'id': 32766967}]","""false""",true,0,1,false,,, -p,false,rf,48472132,gtf,,41908116.0,error,toolshed.g2.bx.psu.edu/repos/iuc/featurecounts/featurecounts/1.4.6.p5,1.4.6.p5,,2017-12-08 00:35:17.370285,115905,129613.914388
457489498,bam,2017-12-05 03:39:11.199283,slurm_normal,,main_w4_handler0,3352644,17698257,False,"This job was terminated because it ran longer than the maximum allowed job run time.
Please click the bug icon to report this problem if you need help.",11762830,slurm,,corral-repl,,,"[{'src': 'hda', 'id': 32726376}]","""G1E_R2ds_SRR549356""","""/cvmfs/data.galaxyproject.org/managed/len/ucsc/mm10.len""","""mm10""",false,false,transcript_id,exon,false,false,12,1,1,,false,0,0,,2,false,"""tabdel_short""",1,history,"[{'src': 'hda', 'id': 32726961}]","""false""",true,0,1,false,,, -p,false,rf,41277405,gtf,,42318726.0,error,toolshed.g2.bx.psu.edu/repos/iuc/featurecounts/featurecounts/1.4.6.p5,1.4.6.p5,,2017-12-06 15:39:31.496001,117510,129620.29671800001
22629245,bam,2017-12-06 15:56:03.961871,slurm_normal,,main_w3_handler0,3352644,17721458,False,"This job was terminated because it ran longer than the maximum allowed job run time.
Please click the bug icon to report this problem if you need help.",11787013,slurm,,corral-repl,,,"[{'src': 'hda', 'id': 32726380}]",,"""/cvmfs/data.galaxyproject.org/managed/len/ucsc/mm10.len""","""mm10""",false,false,transcript_id,exon,false,false,12,1,1,,false,0,0,,2,false,"""tabdel_short""",1,history,"[{'src': 'hda', 'id': 32726961}]","""false""",true,0,1,false,,, -p,false,rf,41277405,gtf,,42318726.0,error,toolshed.g2.bx.psu.edu/repos/iuc/featurecounts/featurecounts/1.4.6.p5,1.4.6.p5,,2017-12-08 03:56:25.618802,117510,129621.656931
406490754,bam,2017-12-05 17:55:29.375621,slurm_normal,,main_w3_handler0,3343421,17707288,False,"This job was terminated because it ran longer than the maximum allowed job run time.
Please click the bug icon to report this problem if you need help.",11771908,slurm,,corral-repl,,,"[{'src': 'hda', 'id': 32602151}]","""Mk_R1ds_SRR549357""","""/cvmfs/data.galaxyproject.org/managed/len/ucsc/mm10.len""","""mm10""",false,false,transcript_id,exon,false,false,12,1,1,,false,0,0,,2,false,"""tabdel_short""",1,history,"[{'src': 'hda', 'id': 32710739}]","""false""",true,0,1,false,,, -p,false,rf,42100545,gtf,,42292766.0,error,toolshed.g2.bx.psu.edu/repos/iuc/featurecounts/featurecounts/1.4.6.p5,1.4.6.p5,,2017-12-07 05:56:07.745307,117385,129638.369686
557726176,bam,2017-12-05 17:53:50.231513,slurm_normal,,main_w4_handler0,3343421,17707275,False,"This job was terminated because it ran longer than the maximum allowed job run time.
Please click the bug icon to report this problem if you need help.",11771886,slurm,,corral-repl,,,"[{'src': 'hda', 'id': 32602131}]","""G1E_R1ds_SRR549355""","""/cvmfs/data.galaxyproject.org/managed/len/ucsc/mm10.len""","""mm10""",false,false,transcript_id,exon,false,false,12,1,1,,false,0,0,,2,false,"""tabdel_short""",1,history,"[{'src': 'hda', 'id': 32710739}]","""false""",true,0,1,false,,, -p,false,rf,42100545,gtf,,42292766.0,error,toolshed.g2.bx.psu.edu/repos/iuc/featurecounts/featurecounts/1.4.6.p5,1.4.6.p5,,2017-12-07 05:54:38.021837,117385,129647.790324
457486785,bam,2017-12-05 19:42:34.715533,slurm_normal,,main_w4_handler0,3340650,17708408,False,"This job was terminated because it ran longer than the maximum allowed job run time.
Please click the bug icon to report this problem if you need help.",11773141,slurm,,corral-repl,,,"[{'src': 'hda', 'id': 32553466}]",,"""/cvmfs/data.galaxyproject.org/managed/len/ucsc/mm10.len""","""mm10""",false,false,transcript_id,exon,false,false,12,1,1,,false,0,0,,2,false,"""tabdel_short""",1,history,"[{'src': 'hda', 'id': 32685815}]","""false""",true,0,1,false,,, -p,false,rf,41130696,gtf,,42402477.0,error,toolshed.g2.bx.psu.edu/repos/iuc/featurecounts/featurecounts/1.4.6.p5,1.4.6.p5,,2017-12-07 07:43:08.432417,117298,129633.71688400001
467555700,bam,2017-12-06 16:03:05.219709,slurm_normal,,main_w3_handler1,3354078,17721503,False,"This job was terminated because it ran longer than the maximum allowed job run time.
Please click the bug icon to report this problem if you need help.",11808304,slurm,,corral-repl,,,"[{'src': 'hda', 'id': 32760686}]","""G1E_R1ds_SRR549355""","""/cvmfs/data.galaxyproject.org/managed/len/ucsc/?.len""","""?""",false,false,transcript_id,exon,false,false,12,1,1,,false,0,0,,2,false,"""tabdel_short""",1,history,"[{'src': 'hda', 'id': 32766967}]","""false""",true,0,1,false,,, -p,false,rf,48472132,gtf,,41908116.0,error,toolshed.g2.bx.psu.edu/repos/iuc/featurecounts/featurecounts/1.4.6.p5,1.4.6.p5,,2017-12-09 12:36:38.948381,115905,246813.72867200003
457486785,bam,2017-12-09 02:22:05.089225,slurm_normal,,main_w4_handler0,3340650,17753201,False,"This job was terminated because it ran longer than the maximum allowed job run time.
Please click the bug icon to report this problem if you need help.",11820644,slurm,,corral-repl,,,"[{'src': 'hda', 'id': 32553466}]",,"""/cvmfs/data.galaxyproject.org/managed/len/ucsc/mm10.len""","""mm10""",false,false,transcript_id,exon,false,false,12,1,1,,false,0,0,,2,false,"""tabdel_short""",1,history,"[{'src': 'hda', 'id': 32685815}]","""false""",true,0,1,false,,, -p,false,rf,41130696,gtf,,42269621.0,error,toolshed.g2.bx.psu.edu/repos/iuc/featurecounts/featurecounts/1.4.6.p5,1.4.6.p5,,2017-12-10 14:22:16.504676,117298,129611.41545100001
563714288,bam,2017-12-06 16:03:54.661546,slurm_normal,,main_w4_handler1,3354078,17721531,False,"This job was terminated because it ran longer than the maximum allowed job run time.
Please click the bug icon to report this problem if you need help.",11808311,slurm,,corral-repl,,,"[{'src': 'hda', 'id': 32760687}]","""G1E_R2ds_SRR549356""","""/cvmfs/data.galaxyproject.org/managed/len/ucsc/?.len""","""?""",false,false,transcript_id,exon,false,false,12,1,1,,false,0,0,,2,false,"""tabdel_short""",1,history,"[{'src': 'hda', 'id': 32766967}]","""false""",true,0,1,false,,, -p,false,rf,48472132,gtf,,41908116.0,error,toolshed.g2.bx.psu.edu/repos/iuc/featurecounts/featurecounts/1.4.6.p5,1.4.6.p5,,2017-12-09 12:37:38.726988,115905,246824.06544200002
457486785,bam,2017-12-09 02:22:26.589262,slurm_normal,,main_w3_handler0,3340650,17753204,False,"This job was terminated because it ran longer than the maximum allowed job run time.
Please click the bug icon to report this problem if you need help.",11820647,slurm,,corral-repl,,,"[{'src': 'hda', 'id': 32553466}]",,"""/cvmfs/data.galaxyproject.org/managed/len/ucsc/mm10.len""","""mm10""",false,false,transcript_id,exon,false,false,12,1,1,,false,0,0,,2,false,"""tabdel_short""",1,history,"[{'src': 'hda', 'id': 32685815}]","""false""",true,0,1,false,,, -p,false,rf,41130696,gtf,,42269621.0,error,toolshed.g2.bx.psu.edu/repos/iuc/featurecounts/featurecounts/1.4.6.p5,1.4.6.p5,,2017-12-10 14:22:47.570008,117298,129620.980746
457486785,bam,2017-12-13 15:04:40.859157,slurm_normal,,main_w4_handler0,3340650,17797337,False,"This job was terminated because it ran longer than the maximum allowed job run time.
Please click the bug icon to report this problem if you need help.",11866551,slurm,,corral-repl,,,"[{'src': 'hda', 'id': 32553466}]",,"""/cvmfs/data.galaxyproject.org/managed/len/ucsc/mm10.len""","""mm10""",false,false,transcript_id,exon,false,false,12,1,1,,false,0,0,,2,false,"""tabdel_short""",1,history,"[{'src': 'hda', 'id': 32685815}]","""false""",true,0,1,false,,, -p,false,rf,41130696,gtf,,42269621.0,error,toolshed.g2.bx.psu.edu/repos/iuc/featurecounts/featurecounts/1.4.6.p5,1.4.6.p5,,2017-12-15 03:05:22.816014,117298,129641.95685700001
457489258,bam,2018-01-26 14:55:48.460229,slurm_normal,,main_w3_handler1,3405634,18166233,False,"This job was terminated because it ran longer than the maximum allowed job run time.
Please click the bug icon to report this problem if you need help.",12247792,slurm,,corral-repl,,,"[{'src': 'hda', 'id': 33502837}]","""G1E_R2__ds_SRR549356""","""/cvmfs/data.galaxyproject.org/managed/len/ucsc/mm10.len""","""mm10""",false,false,transcript_id,exon,false,false,12,1,1,,false,0,0,,2,false,"""tabdel_short""",1,history,"[{'src': 'hda', 'id': 33515625}]","""false""",true,0,1,false,,, -p,false,rf,41130696,gtf,,43439594.0,error,toolshed.g2.bx.psu.edu/repos/iuc/featurecounts/featurecounts/1.4.6.p5,1.4.6.p5,,2018-01-28 02:56:28.993276,120205,129640.533047
457489258,bam,2018-01-26 17:31:23.757884,slurm_normal,,main_w3_handler1,3405634,18168350,False,"This job was terminated because it ran longer than the maximum allowed job run time.
Please click the bug icon to report this problem if you need help.",12249889,slurm,,corral-repl,,,"[{'src': 'hda', 'id': 33502837}]","""G1E_R2__ds_SRR549356""","""/cvmfs/data.galaxyproject.org/managed/len/ucsc/mm10.len""","""mm10""",false,false,transcript_id,exon,false,false,12,1,1,,false,0,0,,2,false,"""tabdel_short""",1,history,"[{'src': 'hda', 'id': 33515625}]","""false""",true,0,1,false,,, -p,false,rf,41130696,gtf,,43439594.0,error,toolshed.g2.bx.psu.edu/repos/iuc/featurecounts/featurecounts/1.4.6.p5,1.4.6.p5,,2018-01-28 05:31:58.583607,120205,129634.825723
457487611,bam,2018-02-04 06:10:34.036334,slurm_normal,,main_w3_handler1,3416154,18249851,False,"This job was terminated because it ran longer than the maximum allowed job run time.
Please click the bug icon to report this problem if you need help.",12331595,slurm,,corral-repl,,,"[{'src': 'hda', 'id': 33658700}]","""G1E_R2_ds_SRR549356""","""/cvmfs/data.galaxyproject.org/managed/len/ucsc/mm10.len""","""mm10""",false,false,transcript_id,exon,false,false,12,1,1,,false,0,0,,2,false,"""tabdel_short""",1,history,"[{'src': 'hda', 'id': 33658828}]","""false""",true,0,1,false,,, -p,false,rf,41130696,gtf,,43503011.0,error,toolshed.g2.bx.psu.edu/repos/iuc/featurecounts/featurecounts/1.4.6.p5,1.4.6.p5,,2018-02-05 18:11:16.021810,120818,129641.985476
457487611,bam,2018-02-04 20:16:51.949531,slurm_normal,,main_w4_handler1,3416154,18252185,False,"This job was terminated because it ran longer than the maximum allowed job run time.
Please click the bug icon to report this problem if you need help.",12334081,slurm,,corral-repl,,,"[{'src': 'hda', 'id': 33658700}]","""G1E_R2_ds_SRR549356""","""/cvmfs/data.galaxyproject.org/managed/len/ucsc/mm10.len""","""mm10""",false,false,transcript_id,exon,false,false,12,1,1,,false,0,0,,2,false,"""tabdel_short""",1,history,"[{'src': 'hda', 'id': 33658828}]","""false""",true,0,1,false,,, -p,false,rf,41130696,gtf,,43503011.0,error,toolshed.g2.bx.psu.edu/repos/iuc/featurecounts/featurecounts/1.4.6.p5,1.4.6.p5,,2018-02-06 08:17:21.994394,120818,129630.044863
457489355,bam,2018-02-13 14:25:41.476636,slurm_normal,,main_w3_handler0,3426606,18365445,False,"This job was terminated because it ran longer than the maximum allowed job run time.
Please click the bug icon to report this problem if you need help.",12450388,slurm,,corral-repl,,,"[{'src': 'hda', 'id': 33826984}]","""G1E_R2ds_SRR549356""","""/cvmfs/data.galaxyproject.org/managed/len/ucsc/mm10.len""","""mm10""",false,false,transcript_id,exon,false,false,12,1,1,,false,0,0,,2,false,"""tabdel_short""",1,history,"[{'src': 'hda', 'id': 33828259}]","""false""",true,0,1,false,,, -p,false,rf,41130696,gtf,,43858691.0,error,toolshed.g2.bx.psu.edu/repos/iuc/featurecounts/featurecounts/1.4.6.p5,1.4.6.p5,,2018-02-15 02:26:06.811232,112079,129625.33459600002
457489302,bam,2018-02-14 00:29:25.660751,slurm_normal,,main_w3_handler0,3427738,18375971,False,"This job was terminated because it ran longer than the maximum allowed job run time.
Please click the bug icon to report this problem if you need help.",12460772,slurm,,corral-repl,,,"[{'src': 'hda', 'id': 33843924}]",,"""/cvmfs/data.galaxyproject.org/managed/len/ucsc/mm10.len""","""mm10""",false,false,transcript_id,exon,false,false,12,1,1,,false,0,0,,2,false,"""tabdel_short""",1,history,"[{'src': 'hda', 'id': 33842928}]","""false""",true,0,1,false,,, -p,false,rf,41130696,gtf,,43481595.0,error,toolshed.g2.bx.psu.edu/repos/iuc/featurecounts/featurecounts/1.4.6.p5,1.4.6.p5,,2018-02-15 12:30:07.284160,91933,129641.623409
457488992,bam,2018-02-14 09:50:50.020524,slurm_normal,,main_w3_handler0,3428745,18380927,False,"This job was terminated because it ran longer than the maximum allowed job run time.
Please click the bug icon to report this problem if you need help.",12465780,slurm,,corral-repl,,,"[{'src': 'hda', 'id': 33850540}]","""G1E_R2ds_SRR549356""","""/cvmfs/data.galaxyproject.org/managed/len/ucsc/mm10.len""","""mm10""",false,false,transcript_id,exon,false,false,12,1,1,,false,0,0,,2,false,"""tabdel_short""",1,history,"[{'src': 'hda', 'id': 33850663}]","""false""",true,0,1,false,,, -p,false,rf,41130696,gtf,,43858691.0,error,toolshed.g2.bx.psu.edu/repos/iuc/featurecounts/featurecounts/1.4.6.p5,1.4.6.p5,,2018-02-15 21:51:11.402194,112079,129621.38167
457488992,bam,2018-02-14 09:31:05.072466,slurm_normal,,main_w3_handler1,3428745,18380732,False,"This job was terminated because it ran longer than the maximum allowed job run time.
Please click the bug icon to report this problem if you need help.",12465585,slurm,,corral-repl,,,"[{'src': 'hda', 'id': 33850540}]","""G1E_R2ds_SRR549356""","""/cvmfs/data.galaxyproject.org/managed/len/ucsc/mm10.len""","""mm10""",false,false,transcript_id,exon,false,false,12,1,1,,false,0,0,,2,false,"""tabdel_short""",1,history,"[{'src': 'hda', 'id': 33850663}]","""false""",true,0,1,false,,, -p,false,rf,41130696,gtf,,43858691.0,error,toolshed.g2.bx.psu.edu/repos/iuc/featurecounts/featurecounts/1.4.6.p5,1.4.6.p5,,2018-02-15 21:31:40.913138,112079,129635.840672
457488992,bam,2018-02-14 10:37:56.640782,slurm_normal,,main_w3_handler0,3428745,18381291,False,"This job was terminated because it ran longer than the maximum allowed job run time.
Please click the bug icon to report this problem if you need help.",12466123,slurm,,corral-repl,,,"[{'src': 'hda', 'id': 33850540}]","""G1E_R2ds_SRR549356""","""/cvmfs/data.galaxyproject.org/managed/len/ucsc/mm10.len""","""mm10""",false,false,transcript_id,exon,false,false,12,1,1,,false,0,0,,2,false,"""tabdel_short""",1,history,"[{'src': 'hda', 'id': 33850663}]","""false""",true,0,1,false,,, -p,false,rf,41130696,gtf,,43858691.0,error,toolshed.g2.bx.psu.edu/repos/iuc/featurecounts/featurecounts/1.4.6.p5,1.4.6.p5,,2018-02-15 22:39:40.790222,112079,129704.14944000001
457488992,bam,2018-02-14 10:59:21.687275,slurm_normal,,main_w3_handler0,3428745,18381416,False,"This job was terminated because it ran longer than the maximum allowed job run time.
Please click the bug icon to report this problem if you need help.",12476142,slurm,,corral-repl,,,"[{'src': 'hda', 'id': 33850540}]","""G1E_R2ds_SRR549356""","""/cvmfs/data.galaxyproject.org/managed/len/ucsc/mm10.len""","""mm10""",false,false,transcript_id,exon,false,false,12,1,1,,false,0,0,,2,false,"""tabdel_short""",1,history,"[{'src': 'hda', 'id': 33850663}]","""false""",true,0,1,false,,, -p,false,rf,41130696,gtf,,43858691.0,error,toolshed.g2.bx.psu.edu/repos/iuc/featurecounts/featurecounts/1.4.6.p5,1.4.6.p5,,2018-02-16 14:28:51.269672,112079,185369.58239700002
457486942,bam,2018-02-13 15:37:51.990112,slurm_normal,,main_w4_handler0,3426544,18366354,False,"This job was terminated because it ran longer than the maximum allowed job run time.
Please click the bug icon to report this problem if you need help.",12451190,slurm,,corral-repl,,,"[{'src': 'hda', 'id': 33828529}]","""G1E_R2ds_SRR549356""","""/cvmfs/data.galaxyproject.org/managed/len/ucsc/mm10.len""","""mm10""",false,false,transcript_id,exon,false,false,12,1,1,,false,0,0,,2,false,"""tabdel_short""",1,history,"[{'src': 'hda', 'id': 33830859}]","""false""",true,0,1,false,,, -p,false,rf,41130696,gtf,,43765510.0,error,toolshed.g2.bx.psu.edu/repos/iuc/featurecounts/featurecounts/1.4.6.p5,1.4.6.p5,,2018-02-15 03:38:06.749875,112076,129614.75976300001
457485060,bam,2018-02-14 00:12:35.753529,slurm_normal,,main_w4_handler1,3427738,18375691,False,"This job was terminated because it ran longer than the maximum allowed job run time.
Please click the bug icon to report this problem if you need help.",12460479,slurm,,corral-repl,,,"[{'src': 'hda', 'id': 33838469}]",,"""/cvmfs/data.galaxyproject.org/managed/len/ucsc/mm10.len""","""mm10""",false,false,transcript_id,exon,false,false,12,1,1,,false,0,0,,2,false,"""tabdel_short""",1,history,"[{'src': 'hda', 'id': 33842928}]","""false""",true,0,1,false,,, -p,false,rf,41130696,gtf,,43481595.0,error,toolshed.g2.bx.psu.edu/repos/iuc/featurecounts/featurecounts/1.4.6.p5,1.4.6.p5,,2018-02-15 12:13:07.506933,91933,129631.753404
818358,bam,2018-02-15 14:35:02.116354,slurm_normal,,main_w4_handler1,3403697,18397305,False,"This job was terminated because it ran longer than the maximum allowed job run time.
Please click the bug icon to report this problem if you need help.",12482680,slurm,,corral-repl,,,"[{'src': 'hda', 'id': 33480766}]","""SRR2132439.bam""","""/cvmfs/data.galaxyproject.org/managed/len/ucsc/?.len""","""?""",false,false,Parent,CDS,false,false,12,1,1,,false,0,0,,0,false,"""tabdel_short""",1,history,"[{'src': 'hda', 'id': 33872586}]","""true""",true,0,0,true,400,10, -p,true,fr,64317,gff3,,43546194.0,error,toolshed.g2.bx.psu.edu/repos/iuc/featurecounts/featurecounts/1.4.6.p5,1.4.6.p5,,2018-02-17 02:38:23.708680,101779,129801.59232600001
457488992,bam,2018-02-14 14:34:47.550103,slurm_normal,,main_w4_handler0,3428745,18383041,False,"This job was terminated because it ran longer than the maximum allowed job run time.
Please click the bug icon to report this problem if you need help.",12476140,slurm,,corral-repl,,,"[{'src': 'hda', 'id': 33850540}]","""G1E_R2ds_SRR549356""","""/cvmfs/data.galaxyproject.org/managed/len/ucsc/mm10.len""","""mm10""",false,false,transcript_id,exon,false,false,12,1,1,,false,0,0,,2,false,"""tabdel_short""",1,history,"[{'src': 'hda', 'id': 33850663}]","""false""",true,0,1,false,,, -p,false,rf,41130696,gtf,,43858691.0,error,toolshed.g2.bx.psu.edu/repos/iuc/featurecounts/featurecounts/1.4.6.p5,1.4.6.p5,,2018-02-16 14:28:50.929792,112079,172443.37968900002
457488992,bam,2018-02-15 20:45:58.523982,slurm_normal,,main_w4_handler0,3428745,18402646,False,"This job was terminated because it ran longer than the maximum allowed job run time.
Please click the bug icon to report this problem if you need help.",12489359,slurm,,corral-repl,,,"[{'src': 'hda', 'id': 33850540}]","""G1E_R2ds_SRR549356""","""/cvmfs/data.galaxyproject.org/managed/len/ucsc/mm10.len""","""mm10""",false,false,transcript_id,exon,false,false,12,1,1,,false,0,0,,2,false,"""tabdel_short""",1,history,"[{'src': 'hda', 'id': 33850663}]","""false""",true,0,1,false,,, -p,false,rf,41130696,gtf,,43858691.0,error,toolshed.g2.bx.psu.edu/repos/iuc/featurecounts/featurecounts/1.4.6.p5,1.4.6.p5,,2018-02-17 10:39:55.177177,112079,136436.65319500002
457488992,bam,2018-02-14 11:15:35.447670,slurm_normal,,main_w3_handler1,3428745,18381570,False,"This job was terminated because it ran longer than the maximum allowed job run time.
Please click the bug icon to report this problem if you need help.",12476141,slurm,,corral-repl,,,"[{'src': 'hda', 'id': 33850540}]","""G1E_R2ds_SRR549356""","""/cvmfs/data.galaxyproject.org/managed/len/ucsc/mm10.len""","""mm10""",false,false,transcript_id,exon,false,false,12,1,1,,false,0,0,,2,false,"""tabdel_short""",1,history,"[{'src': 'hda', 'id': 33850663}]","""false""",true,0,1,false,,, -p,false,rf,41130696,gtf,,43858691.0,error,toolshed.g2.bx.psu.edu/repos/iuc/featurecounts/featurecounts/1.4.6.p5,1.4.6.p5,,2018-02-16 14:28:50.548018,112079,184395.100348
457489324,bam,2018-02-18 23:02:08.058519,slurm_normal,,main_w3_handler0,3433601,18429536,False,"This job was terminated because it ran longer than the maximum allowed job run time.
Please click the bug icon to report this problem if you need help.",12523679,slurm,,corral-repl,,,"[{'src': 'hda', 'id': 33929474}]","""G1E_R2__ds_SRR549356""","""/cvmfs/data.galaxyproject.org/managed/len/ucsc/mm10.len""","""mm10""",false,false,transcript_id,exon,false,false,12,1,1,,false,0,0,,2,false,"""tabdel_short""",1,history,"[{'src': 'hda', 'id': 33929637}]","""false""",true,0,1,false,,, -p,false,rf,41130696,gtf,,43989782.0,error,toolshed.g2.bx.psu.edu/repos/iuc/featurecounts/featurecounts/1.4.6.p5,1.4.6.p5,,2018-02-20 11:02:24.808121,117381,129616.74960200001
818358,bam,2018-02-19 09:50:35.846529,slurm_normal,,main_w4_handler0,3403697,18434343,False,"This job was terminated because it ran longer than the maximum allowed job run time.
Please click the bug icon to report this problem if you need help.",12528817,slurm,,corral-repl,,,"[{'src': 'hda', 'id': 33480766}]","""SRR2132439.bam""","""/cvmfs/data.galaxyproject.org/managed/len/ucsc/?.len""","""?""",false,false,Parent,CDS,false,false,12,1,1,,false,0,0,,0,false,"""tabdel_short""",1,history,"[{'src': 'hda', 'id': 33872586}]","""true""",true,0,0,true,400,10, -p,true,fr,64317,gff3,,43546194.0,error,toolshed.g2.bx.psu.edu/repos/iuc/featurecounts/featurecounts/1.4.6.p5,1.4.6.p5,,2018-02-20 21:51:00.288361,101779,129624.44183200001
